
COUNT          A             B               C          X1 REAL         X1 IMG        X2 REAL        X2 IMG

   1:     1.0000E+00    -2.0000E+00     1.0000E+00     1.0000E+00                    1.0000E+00
   2:     1.0000E+00    -1.0000E+01     2.5000E+01     5.0000E+00                    5.0000E+00
   3:     1.0000E+00    -3.0000E+00     2.0000E+00     2.0000E+00                    1.0000E+00
   4:     2.0000E+00    -6.0000E+00     4.0000E+00     2.0000E+00                    1.0000E+00
   5:     1.0000E+00     1.0000E+00    -2.5500E+03     5.0000E+01                   -5.1000E+01
   6:     1.0000E+01    -2.0000E+01     1.0000E+01     1.0000E+00                    1.0000E+00
   7:     1.0000E+03    -2.0000E+03     1.0000E+03     1.0000E+00                    1.0000E+00
   8:     2.0000E-02    -4.0000E-02     2.0000E-02     1.0000E+00                    1.0000E+00
   9:     1.4320E+00     9.8760E+00    -4.5670E+00     4.3500E-01                   -7.3316E+00
  10:     8.8130E+00    -1.3100E+00     0.0000E+00     1.4864E-01                    0.0000E+00
  11:     2.3000E+00     1.9917E+00     0.0000E+00     0.0000E+00                   -8.6596E-01
  12:     1.0000E+00     0.0000E+00    -1.0000E+00     1.0000E+00                   -1.0000E+00
  13:     1.0000E+00     0.0000E+00     1.0000E+00                    1.0000E+00                   -1.0000E+00
  14:     9.0000E+00     0.0000E+00     3.6000E+01                    2.0000E+00                   -2.0000E+00
  15:     1.0000E+00     2.0000E+00     5.0000E+00    -1.0000E+00     2.0000E+00    -1.0000E+00    -2.0000E+00
  16:     5.3500E+02     2.2000E+01     1.5830E+03    -2.0561E-02     1.7200E+00    -2.0561E-02    -1.7200E+00
  17:    -9.0000E+00     2.3000E+01     3.7000E+01    -1.1189E+00                    3.6744E+00
  18:     6.1000E+01     2.0000E+00     8.7000E+01    -1.6393E-02     1.1941E+00    -1.6393E-02    -1.1941E+00
  19:     6.1000E+01     1.5900E+02     8.7000E+01    -7.8145E-01                   -1.8251E+00
  20:     1.0000E+02     9.9000E+01     9.8000E+01    -4.9500E-01     8.5731E-01    -4.9500E-01    -8.5731E-01

 END OF PROGRAM: 21 CARDS READ.
