1.0       -2.0      1.0
1.0       -10.0     25.0
1.0       -3.0      2.0
2.0       -6.0      4.0
1.0       1.0       -2550.0
10.0      -20.0     10.0
1000.0    -2000.0   1000.0
0.02      -0.04     0.02
1.432     9.876     -4.567
8.813     -1.31     0.0
2.3       1.9917    0.0
1.0       0.0       -1.0
1.0       0.0       1.0
9.0       0.0       36.0
1.0       2.0       5.0
535.0     22.0      1583.0
-9.0      23.0      37.0
61.0      2.0       87.0
61.0      159.0     87.0
100.0     99.0      98.0
0.0